IESNA: LM-63-1995
[TEST]767162
[DATE]11/29/94
[MANUFAC]COOPER LIGHTING - McGRAW-EDISON
[LUMCAT]ALF-X-1000-MH-XX-62
[LUMINAIRE]ARCHITECTURAL 1000W MH 6H X 2V FLOOD
[LAMP]1000W MH CL BT-56
[_REFLECTOR]FACETED SPECULAR BACK, WHITE SIDES;
[MORE]WHITE & BLACK TOP AND BOTTOM
[_REFRACTOR]CLEAR FLAT GLASS
[_SOCKETPOS]HORIZONTAL
[_LAMPLUMENS]110000
TILT=NONE
 1  110000  10  33  23  2  1  0  0  0
 1  1  1000
-90 -80 -70 -60 -50 -40 -30 -27 -24 -21 -18 -15 -12 -9 -6 -3  0  3  6  9  12  15  18  21  24  27  30  40  50  60  70  80  90 
-90 -80 -72 -64 -56 -48 -40 -32 -24 -16 -8  0  8  16  24  32  40  48  56  64  72  80  90 
 0 0 0 0 0 0 0 0 0 0 0 0 0 0 0 0 0 0 0 0 0 0 0 0 0 0 0 0 0 0 0 0 0
 0 0 2 5 8 11 19 21 23 24 26 27 28 29 29 30 30 30 29 29 28 27 26 24 23 21 19 11 8 5 2 0 0
 0 2 7 20 39 62 93 112 132 151 165 177 190 201 211 221 232 221 210 199 187 174 161 146 128 110 92 62 39 19 7 2 0
 0 5 16 46 179 357 396 411 425 440 451 462 472 491 524 557 590 555 520 485 464 450 436 420 402 383 365 319 162 45 15 3 0
 0 8 30 80 393 634 668 675 681 688 697 708 719 741 788 835 881 835 788 741 712 692 672 654 641 627 614 562 350 87 26 5 0
 0 9 51 113 617 795 818 826 833 840 917 1031 1143 1380 1863 2346 2828 2358 1887 1416 1166 1030 891 796 783 771 759 710 547 133 42
 8 0
 0 11 85 135 756 909 924 945 966 987 1329 1831 2332 3411 5642 7873 10104 7919 5734 3549 2444 1881 1318 934 912 889 866 816 665 153
 67 10 0
 0 14 90 139 861 999 993 1009 1025 1041 1276 1620 1965 3077 5724 8370 11018 8287 5557 2827 1733 1459 1185 996 976 957 938 906 767
 148 73 14 0
 0 17 89 142 992 1064 1051 1058 1066 1073 1228 1458 1686 2801 5689 8578 11467 8482 5497 2514 1425 1283 1141 1041 1025 1008 992 981
 886 148 81 17 0
 0 18 90 148 1070 1103 1069 1074 1078 1083 1193 1357 1521 2621 5595 8569 11542 8493 5443 2394 1315 1222 1128 1061 1046 1031 1016
 1019 946 152 89 18 0
 0 19 96 157 1093 1115 1051 1058 1066 1073 1165 1299 1433 2513 5485 8459 11431 8394 5357 2321 1259 1184 1109 1055 1040 1025 1011
 1024 955 157 97 19 0
 0 20 99 168 1138 1108 1029 1038 1046 1055 1125 1227 1328 2397 5403 8409 11415 8353 5290 2228 1171 1118 1065 1025 1013 1001 989
 1019 999 158 99 20 0
 0 19 96 157 1093 1115 1051 1058 1066 1073 1165 1299 1433 2513 5485 8459 11431 8394 5357 2321 1259 1184 1109 1055 1040 1025 1011
 1024 955 157 97 19 0
 0 18 90 148 1070 1103 1069 1074 1078 1083 1193 1357 1521 2621 5595 8569 11542 8493 5443 2394 1315 1222 1128 1061 1046 1031 1016
 1019 946 152 89 18 0
 0 17 89 142 992 1064 1051 1058 1066 1073 1228 1458 1686 2801 5689 8578 11467 8482 5497 2514 1425 1283 1141 1041 1025 1008 992 981
 886 148 81 17 0
 0 14 90 139 861 999 993 1009 1025 1041 1276 1620 1965 3077 5724 8370 11018 8287 5557 2827 1733 1459 1185 996 976 957 938 906 767
 148 73 14 0
 0 11 85 135 756 909 924 945 966 987 1329 1831 2332 3411 5642 7873 10104 7919 5734 3549 2444 1881 1318 934 912 889 866 816 665 153
 67 10 0
 0 9 51 113 617 795 818 826 833 840 917 1031 1143 1380 1863 2346 2828 2358 1887 1416 1166 1030 891 796 783 771 759 710 547 133 42
 8 0
 0 8 30 80 393 634 668 675 681 688 697 708 719 741 788 835 881 835 788 741 712 692 672 654 641 627 614 562 350 87 26 5 0
 0 5 16 46 179 357 396 411 425 440 451 462 472 491 524 557 590 555 520 485 464 450 436 420 402 383 365 319 162 45 15 3 0
 0 2 7 20 39 62 93 112 132 151 165 177 190 201 211 221 232 221 210 199 187 174 161 146 128 110 92 62 39 19 7 2 0
 0 0 2 5 8 11 19 21 23 24 26 27 28 29 29 30 30 30 29 29 28 27 26 24 23 21 19 11 8 5 2 0 0
 0 0 0 0 0 0 0 0 0 0 0 0 0 0 0 0 0 0 0 0 0 0 0 0 0 0 0 0 0 0 0 0 0
