IESNA: LM-63-1995
[TEST]767164
[DATE]11/30/94
[MANUFAC]COOPER LIGHTING - McGRAW-EDISON
[LUMCAT]ALF-X-1000-HPS-XX-62
[LUMINAIRE]ARCHITECTURAL 1000W HPS 6H X 2V FLOOD
[LAMP]1000W HPS CL E-25
[_REFLECTOR]FACETED SPECULAR BACK, WHITE SIDES;
[MORE]WHITE & BLACK TOP AND BOTTOM
[_REFRACTOR]CLEAR FLAT GLASS
[_SOCKETPOS HORIZONTAL
[_LAMPLUMENS]140000
TILT=NONE
 1  140000  10.012  33  23  2  1  0  0  0
 1  1  1000
-90 -80 -70 -60 -50 -40 -30 -27 -24 -21 -18 -15 -12 -9 -6 -3  0  3  6  9  12  15  18  21  24  27  30  40  50  60  70  80  90 
-90 -80 -72 -64 -56 -48 -40 -32 -24 -16 -8  0  8  16  24  32  40  48  56  64  72  80  90 
 0 0 0 0 0 0 0 0 0 0 0 0 0 0 0 0 0 0 0 0 0 0 0 0 0 0 0 0 0 0 0 0 0
 0 2 4 8 11 16 27 29 31 32 33 34 35 35 35 35 35 35 34 34 33 32 31 29 28 26 24 16 14 13 6 2 0
 0 5 10 36 65 99 150 165 181 196 207 215 224 231 234 238 241 236 231 226 218 208 197 186 171 156 141 95 61 31 12 4 0
 0 8 33 94 226 381 476 499 522 545 562 576 591 604 614 623 633 623 613 603 587 569 551 530 503 477 450 350 172 81 24 6 0
 0 14 77 181 487 751 841 860 880 899 956 1033 1110 1169 1192 1215 1238 1177 1116 1055 1005 961 916 879 855 830 807 698 371 166 51
 9 0
 0 22 143 284 811 1111 1151 1163 1174 1185 1351 1596 1839 2085 2332 2580 2827 2472 2117 1761 1546 1402 1256 1156 1143 1130 1117
 1048 634 277 95 11 0
 0 32 229 380 1127 1370 1386 1402 1419 1436 1812 2367 2922 3655 4742 5829 6916 5672 4428 3184 2494 2083 1671 1391 1374 1358 1342
 1304 884 395 152 14 0
 0 48 293 442 1364 1569 1572 1589 1606 1623 1898 2303 2708 3859 6501 9143 11788 8959 6135 3310 2212 1979 1746 1585 1568 1551 1534
 1513 1156 457 206 22 0
 0 60 330 491 1609 1735 1744 1754 1764 1774 1981 2288 2593 4039 7767 11497 15228 11334 7440 3549 2151 2000 1849 1743 1729 1714
 1699 1695 1409 499 243 28 0
 0 67 348 522 1784 1849 1840 1848 1856 1864 2031 2278 2525 4195 8709 13223 17736 13097 8456 3815 2182 2053 1924 1833 1820 1807
 1795 1812 1557 525 268 31 0
 0 70 355 537 1873 1914 1854 1866 1879 1891 2034 2242 2450 4273 9325 14382 19435 14294 9151 4012 2211 2079 1947 1855 1843 1831
 1819 1865 1638 537 282 32 0
 0 70 358 547 1929 1949 1830 1848 1865 1883 1994 2153 2311 4182 9480 14777 20075 14730 9384 4039 2175 2053 1931 1845 1833 1822
 1810 1899 1820 537 288 30 0
 0 70 355 537 1873 1914 1854 1866 1879 1891 2034 2242 2450 4273 9325 14382 19435 14294 9151 4012 2211 2079 1947 1855 1843 1831
 1819 1865 1638 537 282 32 0
 0 67 348 522 1784 1849 1840 1848 1856 1864 2031 2278 2525 4195 8709 13223 17736 13097 8456 3815 2182 2053 1924 1833 1820 1807
 1795 1812 1557 525 268 31 0
 0 60 330 491 1609 1735 1744 1754 1764 1774 1981 2288 2593 4039 7767 11497 15228 11334 7440 3549 2151 2000 1849 1743 1729 1714
 1699 1695 1409 499 243 28 0
 0 48 293 442 1364 1569 1572 1589 1606 1623 1898 2303 2708 3859 6501 9143 11788 8959 6135 3310 2212 1979 1746 1585 1568 1551 1534
 1513 1156 457 206 22 0
 0 32 229 380 1127 1370 1386 1402 1419 1436 1812 2367 2922 3655 4742 5830 6916 5673 4429 3184 2494 2083 1671 1391 1374 1358 1342
 1304 884 395 152 14 0
 0 22 143 284 811 1111 1151 1163 1174 1185 1351 1596 1839 2085 2332 2580 2827 2472 2117 1761 1546 1402 1256 1156 1143 1130 1117
 1048 634 277 95 11 0
 0 14 77 181 487 751 841 860 880 899 956 1033 1110 1169 1192 1215 1238 1177 1116 1055 1005 961 916 879 855 830 807 698 371 166 51
 9 0
 0 8 33 94 226 381 476 499 522 545 562 576 591 604 614 623 633 623 613 603 587 569 551 530 503 477 450 350 172 81 24 6 0
 0 5 10 36 65 99 150 165 181 196 207 215 224 231 234 238 241 236 231 226 218 208 197 186 171 156 141 95 61 31 12 4 0
 0 2 4 8 11 16 27 29 31 32 33 34 35 35 35 35 35 35 34 34 33 32 31 29 28 26 24 16 14 13 6 2 0
 0 0 0 0 0 0 0 0 0 0 0 0 0 0 0 0 0 0 0 0 0 0 0 0 0 0 0 0 0 0 0 0 0
