IESNA:LM-63-1995
[DATE]05-04-1984
[TEST]E395328
[MANUFAC]COOPER LIGHTING - PORTFOLIO
[LUMCAT]H7066T
[LUMINAIRE]Portfolio Framing Projector
[MORE]RECESSED INC - LV ADJ
[LAMP]50MR16NFL, 900 LUMENS
[MORE]50W MR-16 Narrow Flood
TILT=NONE
 1  900  1  42  21  1  1  .21  .1  0
 1  1  60
 0  1  2  3  4  5  6  7  8  9  10  11  12  13  14  15  16  17  18  19  20  21  22  23  24  25  26  27  28  29  30  31  32  33  34 
 35  45  55  65  75  85  90 
 0  5  15  25  35  45  55  65  75  85  90  95  105  115  125  135  145  155  165  175  180 
 574 573 570 566 559 552 542 531 518 506 492 475 458 436 420 398 380 285 208 86 27 9 5 5 5 4 4 4 4 3 3 3 3 2 2 2 0 0 0 0 0 0
 574 573 570 566 558 550 542 530 520 506 493 475 458 437 418 399 379 302 204 94 28 9 5 5 5 4 4 4 4 3 3 3 2 2 2 2 0 0 0 0 0 0
 574 573 569 564 559 548 539 529 520 504 491 472 457 436 416 397 376 345 234 153 51 16 7 5 5 5 4 4 4 3 3 3 3 3 2 2 0 0 0 0 0 0
 574 572 569 564 557 548 539 529 517 504 488 472 452 432 414 394 374 353 324 233 151 62 27 10 5 5 4 4 4 4 4 3 3 3 3 2 0 0 0 0 0 0
 574 573 569 564 557 546 537 525 514 499 483 466 448 429 409 389 367 348 325 308 255 198 131 70 32 16 8 5 4 4 4 4 3 3 3 3 0 0 0 0
 0 0
 574 572 569 562 555 546 535 523 510 495 478 462 442 425 403 383 362 341 320 298 278 259 242 180 116 64 38 18 11 5 4 3 3 3 3 3 0 0
 0 0 0 0
 574 572 568 562 555 546 536 522 509 492 473 457 439 417 396 376 352 333 311 290 245 149 79 29 10 5 4 4 4 4 3 3 3 3 3 2 0 0 0 0 0
 0
 574 572 568 563 556 545 533 523 506 491 472 453 433 412 392 370 349 326 304 208 80 7 9 5 4 4 4 4 4 4 3 3 3 2 2 2 0 0 0 0 0 0
 574 572 568 564 554 545 533 521 506 488 470 449 430 408 387 366 343 299 186 67 21 6 5 5 5 5 4 4 4 3 3 3 3 2 2 2 0 0 0 0 0 0
 574 572 569 563 555 544 535 519 506 485 467 447 427 407 384 364 340 267 95 32 8 5 5 5 5 4 4 4 4 3 3 3 2 2 2 2 0 0 0 0 0 0
 574 571 569 561 554 546 532 520 504 488 467 443 427 402 385 361 340 246 91 28 7 5 5 5 5 4 4 4 4 3 3 3 2 2 2 2 0 0 0 0 0 0
 574 572 569 563 555 544 535 519 506 485 467 447 427 407 384 364 340 267 95 32 8 5 5 5 5 4 4 4 4 3 3 3 2 2 2 2 0 0 0 0 0 0
 574 572 568 564 554 545 533 521 506 488 470 449 430 408 387 366 343 299 186 67 21 6 5 5 5 5 4 4 4 3 3 3 3 2 2 2 0 0 0 0 0 0
 574 572 568 563 556 545 533 523 506 491 472 453 433 412 392 370 349 326 304 208 80 7 9 5 4 4 4 4 4 4 3 3 3 2 2 2 0 0 0 0 0 0
 574 572 568 562 555 546 536 522 509 492 473 457 439 417 396 376 352 333 311 290 245 149 79 29 10 5 4 4 4 4 3 3 3 3 3 2 0 0 0 0 0
 0
 574 572 569 562 555 546 535 523 510 495 478 462 442 425 403 383 362 341 320 298 278 259 242 180 116 64 38 18 11 5 4 3 3 3 3 3 0 0
 0 0 0 0
 574 573 569 564 557 546 537 525 514 499 483 466 448 429 409 389 367 348 325 308 255 198 131 70 32 16 8 5 4 4 4 4 3 3 3 3 0 0 0 0
 0 0
 574 572 569 564 557 548 539 529 517 504 488 472 452 432 414 394 374 353 324 233 151 62 27 10 5 5 4 4 4 4 4 3 3 3 3 2 0 0 0 0 0 0
 574 573 569 564 559 548 539 529 520 504 491 472 457 436 416 397 376 345 234 153 51 16 7 5 5 5 4 4 4 3 3 3 3 3 2 2 0 0 0 0 0 0
 574 573 570 566 558 550 542 530 520 506 493 475 458 437 418 399 379 302 204 94 28 9 5 5 5 4 4 4 4 3 3 3 2 2 2 2 0 0 0 0 0 0
 574 573 570 566 559 552 542 531 518 506 492 475 458 436 420 398 380 285 208 86 27 9 5 5 5 4 4 4 4 3 3 3 3 2 2 2 0 0 0 0 0 0
