IESNA:LM-63-1995
[TEST]764991
[DATE]01/28/88
[MANUFAC]COOPER LIGHTING - STREETWORKS
[LUMCAT]EGL99MXX55
[LUMINAIRE]SPORTS FLOODLIGHT - 5H x 5V
[LAMP]1500 WATT MH CLEAR BT-56
[_REFLECTOR]SPUN SPECULAR ALUMINUM
[_REFRACTOR]FLAT GLASS
[_LAMPLUMENS]155000
TILT=INCLUDE
 1 
 7 
 0  15  30  45  60  75  90 
 1  .95  .94  .9  .88  .87  .98 
 1  155000  1  23  23  2  1  0  0  0
 1  1  1500
-90 -80 -72 -64 -56 -48 -40 -32 -24 -16 -8  0  8  16  24  32  40  48  56  64  72  80  90 
-90 -80 -72 -64 -56 -48 -40 -32 -24 -16 -8  0  8  16  24  32  40  48  56  64  72  80  90 
 0 1 1 1 1 1 0 0 0 1 1 1 1 1 0 0 0 1 1 1 1 1 0
 1 139 149 162 178 192 204 210 216 221 223 225 223 221 216 210 204 192 178 162 149 139 2
 0 149 177 201 220 237 258 286 319 348 368 379 368 348 319 286 258 237 220 201 177 149 0
 1 162 201 233 275 340 432 530 650 777 886 936 886 777 650 530 432 340 275 233 201 162 1
 0 178 220 275 371 538 799 1560 3176 4783 5869 6350 5869 4783 3176 1560 799 538 371 275 220 178 0
 1 192 237 340 538 1049 2263 5149 9085 12554 14796 15797 14796 12554 9085 5149 2264 1049 538 340 237 192 1
 1 204 258 432 799 2264 6549 14249 18795 21242 22477 23175 22477 21242 18795 14249 6550 2264 799 432 258 204 1
 0 210 286 530 1560 5149 14249 19550 25463 32425 39056 42223 39056 32425 25463 19550 14254 5149 1560 530 286 210 0
 2 216 319 650 3176 9085 18795 25463 38365 54179 68205 74295 68205 54179 38365 25463 18797 9085 3176 650 319 216 3
 4 221 348 777 4783 12554 21242 32425 54179 77861 96516 104847 96516 77861 54179 32425 21245 12554 4783 777 348 221 4
 3 223 368 886 5869 14796 22477 39056 68205 96516 118542 136812 118542 96516 68205 39056 22477 14796 5869 886 368 223 4
 1 225 379 936 6350 15797 23175 42223 74295 104847 136812 190602 136812 104847 74295 42223 23175 15797 6350 936 379 225 1
 3 223 368 886 5869 14796 22477 39056 68205 96516 118542 136812 118542 96516 68205 39056 22477 14796 5869 886 368 223 4
 4 221 348 777 4783 12554 21242 32425 54179 77861 96516 104847 96516 77861 54179 32425 21245 12554 4783 777 348 221 4
 2 216 319 650 3176 9085 18795 25463 38365 54179 68205 74295 68205 54179 38365 25463 18797 9085 3176 650 319 216 3
 0 210 286 530 1560 5149 14249 19550 25463 32425 39056 42223 39056 32425 25463 19550 14254 5149 1560 530 286 210 0
 1 204 258 432 799 2264 6550 14253 18797 21245 22477 23175 22477 21245 18797 14253 6551 2264 799 432 258 204 1
 1 192 237 340 538 1049 2263 5149 9085 12554 14796 15797 14796 12554 9085 5149 2264 1049 538 340 237 192 1
 0 178 220 275 371 538 799 1560 3176 4783 5869 6350 5869 4783 3176 1560 799 538 371 275 220 178 0
 1 162 201 233 275 340 432 530 650 777 886 936 886 777 650 530 432 340 275 233 201 162 1
 0 149 177 201 220 237 258 286 319 348 368 379 368 348 319 286 258 237 220 201 177 149 0
 1 139 149 162 178 192 204 210 216 221 223 225 223 221 216 210 204 192 178 162 149 139 2
 0 1 1 1 1 1 1 0 0 1 1 1 1 1 0 0 1 1 1 1 1 1 0
