IESNA:LM-63-1995
[TEST]764989
[DATE]01/28/88
[MANUFAC]COOPER LIGHTING - LUMARK
[LUMCAT]MHXL-T6-1500
[LUMINAIRE]SPORTS FLOODLIGHT - 6H x 6V
[LAMP]1500 WATT MH CLEAR BT-56
[_REFLECTOR]SPUN SPECULAR ALUMINUM
[_REFRACTOR]FLAT GLASS
[_LAMPLUMENS]155000
TILT=INCLUDE
 1 
 7 
 0  15  30  45  60  75  90 
 1  .95  .94  .9  .88  .87  .98 
 1  155000  1  19  19  2  1  0  0  0
 1  1  1500
-90 -80 -70 -60 -50 -40 -30 -20 -10  0  10  20  30  40  50  60  70  80  90 
-90 -80 -70 -60 -50 -40 -30 -20 -10  0  10  20  30  40  50  60  70  80  90 
 0 1 0 1 1 0 0 1 1 1 1 1 0 0 1 1 0 1 0
 1 132 157 180 226 262 278 292 302 305 302 292 278 262 226 180 157 132 2
 0 157 236 302 370 439 510 567 611 633 611 567 510 439 370 302 236 157 0
 1 180 302 418 567 830 1382 2598 4059 4625 4059 2598 1382 830 567 418 302 180 1
 1 226 370 567 1099 4059 10235 15315 18290 19193 18290 15315 10237 4060 1099 567 370 226 1
 1 262 439 830 4059 13959 20877 28294 36006 38966 36007 28295 20877 13961 4061 830 439 262 1
 0 278 510 1382 10235 20877 35046 51729 61768 64159 61768 51730 35047 20878 10240 1383 510 278 0
 3 292 567 2598 15315 28294 51729 66354 69569 70991 69569 66354 51731 28296 15317 2599 568 292 4
 3 302 611 4059 18290 36006 61768 69569 58447 46942 58444 69570 61772 36012 18295 4061 611 302 4
 1 305 633 4625 19193 38966 64159 70991 46942 69072 46942 70991 64159 38966 19193 4625 633 305 1
 3 302 611 4059 18290 36007 61768 69569 58444 46942 58441 69570 61772 36013 18295 4061 611 302 4
 3 292 567 2598 15315 28295 51730 66354 69570 70991 69570 66354 51732 28297 15317 2599 568 292 4
 0 278 510 1382 10236 20877 35047 51731 61772 64159 61772 51732 35047 20878 10241 1383 510 278 0
 1 262 439 830 4059 13960 20878 28296 36012 38966 36013 28297 20878 13962 4061 830 439 262 1
 1 226 370 567 1099 4060 10239 15317 18295 19193 18295 15317 10241 4061 1099 567 370 226 1
 1 180 302 418 567 830 1383 2599 4061 4625 4061 2599 1383 830 567 418 302 180 1
 0 157 236 302 370 439 510 568 611 633 611 568 510 439 370 302 236 157 0
 1 132 157 180 226 262 278 292 302 305 302 292 278 262 226 180 157 132 2
 0 1 0 1 1 1 0 1 1 1 1 1 0 1 1 1 0 1 0
